-1.58694 -0.434709 -0.568777 
3.43598 1.28494 -1.23461 
4.74382 -2.72854 -4.84486 
1.4441 2.98179 3.09126 
0.730517 -5.09997 -1.53017 
-2.13817 -0.573606 4.24799 
0.699485 -2.99911 -4.42666 
-2.93158 2.08742 3.19041 
-0.38395 2.20123 -2.59812 
4.53094 2.25296 0.706225 
4.20596 -0.758922 -3.75809 
0.0588572 -1.76016 0.450116 
1.28186 -3.81734 2.70156 
-3.10614 -1.706 -2.51659 
-3.78653 -1.27589 0.105614 
1.30415 -1.43712 2.92816 
-2.31159 -4.86667 -3.92764 
0.0929707 3.33309 -0.436513 
-0.0452582 4.73027 -4.63123 
-3.15682 -4.90267 -4.54188 
0.342777 -3.93204 -4.60266 
2.4173 2.9986 -0.428122 
0.438976 -2.94749 -3.47263 
-2.15242 1.58214 2.78157 
-4.79568 4.62959 -4.58588 
-3.49885 -0.407476 3.00714 
-0.592283 1.38116 -4.85885 
0.413766 -2.82167 1.21898 
-3.96876 -4.19831 4.13835 
2.09689 3.92384 -0.678633 
1.99377 -1.98005 0.843599 
3.97261 -1.15804 1.69662 
-0.253185 -2.28983 -4.23779 
2.62473 -3.11049 -4.24626 
-3.50319 1.69749 -1.94012 
-1.74956 2.42528 3.32811 
3.74097 -0.247934 -2.52671 
-1.00747 4.09661 3.30399 
-3.1479 -5.13593 1.16613 
3.64175 5.10591 -0.300239 
1.05836 -1.30007 -3.39795 
3.83006 -0.300869 -4.5902 
3.57396 4.42603 -2.90465 
-3.41211 3.49325 -4.81025 
-3.54686 3.80954 1.22571 
-3.46536 0.567208 -0.0706425 
-2.52143 3.56421 1.85115 
4.02562 -3.73767 -4.64667 
-1.89762 -0.162304 -4.19395 
3.40115 1.52136 4.55217 
0.679206 4.32026 -4.08538 
2.92526 2.66343 5.32907 
-4.27493 2.07804 2.32843 
-1.34521 1.07666 4.49599 
1.47055 -0.162649 2.89613 
3.22654 -0.982896 -3.12936 
-3.93784 3.09177 0.691462 
2.64699 -2.78727 4.56566 
-1.71407 3.57668 3.73397 
-5.13213 -2.92938 -2.01077 
3.38039 -4.04872 3.33048 
1.69615 4.71668 -1.34258 
1.34794 2.08192 -3.01165 
4.20293 -2.24262 -1.85301 
4.94507 0.621205 -1.32238 
-3.18589 -5.40417 -2.87719 
-4.89996 4.46167 3.28706 
2.27979 -2.86676 0.490789 
5.40285 0.380763 -2.2782 
-1.38773 -0.651525 -2.44398 
-2.38072 2.64801 -2.7693 
-1.85614 -0.630531 0.521765 
4.23765 4.93462 4.4405 
-2.31942 -2.66945 2.36021 
4.23614 -2.67953 -2.78432 
-1.15456 -0.501564 2.13664 
3.39645 3.25398 -2.00577 
1.27269 4.43223 -0.492341 
2.32098 0.603845 -3.40857 
0.930686 -4.63121 -2.44648 
-4.65298 -4.93242 0.120358 
-2.7251 0.196718 3.27011 
-0.51309 -2.10812 -0.285903 
2.96388 0.141759 3.59785 
-5.31904 0.451724 4.14311 
-1.1861 -4.32628 -2.48789 
1.78634 -1.8886 -0.19295 
-0.924843 2.10391 0.447227 
-1.23913 3.18389 -0.985818 
4.19222 -3.13755 4.26336 
0.569018 5.19104 -3.6159 
-0.545949 -2.68693 -3.14396 
1.69468 3.52524 -5.06323 
-4.95969 1.87974 -3.9951 
4.09942 2.14817 -3.48941 
2.91103 -3.76505 -1.77886 
-3.18806 -3.47993 0.251763 
-0.750376 -4.06159 2.53162 
1.71975 -3.08403 -4.72713 
-0.694116 -4.77297 -0.67914 
4.04044 2.46818 3.21055 
-1.66179 3.86573 -2.79229 
-1.41827 2.01898 -3.90319 
1.84207 3.75254 3.95909 
4.5049 3.02037 -3.84919 
-4.10893 1.20281 1.83359 
-1.68736 -1.2038 2.39177 
-1.193 0.502913 -0.795956 
0.426438 -4.52556 -0.82217 
1.10836 -4.22451 -4.16959 
2.53639 0.932007 -2.45085 
3.52667 3.17273 4.69399 
0.916568 -2.26162 0.554021 
0.820534 4.96067 3.90891 
-0.587554 3.49136 -3.87004 
1.99089 0.496369 3.57033 
2.85948 3.82783 3.44906 
-4.14004 -0.405983 1.44162 
0.280557 4.46666 -0.649914 
-4.75452 1.248 4.94045 
-1.57484 1.45317 3.60964 
-0.956324 -4.88728 1.15 
-3.68844 -0.401795 -0.614186 
-1.52054 -4.35919 4.57024 
-2.92542 -3.5328 2.6153 
1.73901 -2.3143 -3.94908 
2.91628 -4.2622 1.32256 
4.05561 0.981881 1.84027 
3.90979 -2.12325 -4.34065 
-3.21144 2.03831 -2.88946 
4.41604 1.4689 -1.25327 
-3.06893 4.24823 -3.87598 
1.10082 1.32402 -3.61399 
0.311933 2.14702 -4.58307 
0.683585 1.50176 2.12004 
0.0136765 -0.672908 1.56575 
-2.69945 3.46293 -4.16115 
-2.20574 -4.23251 3.14561 
-4.65222 -0.0972101 -0.741645 
-0.22044 4.67436 -1.54504 
2.69485 -2.04659 0.018529 
-3.41767 4.70897 -0.621433 
-2.4472 -2.88521 -3.05844 
3.56525 -1.41333 -2.03877 
3.16133 0.26335 -3.77567 
-4.60878 -0.622527 -2.35236 
-3.64866 -4.36696 -0.956814 
-3.31379 -4.79526 -3.55042 
-3.2722 -2.9308 5.12611 
1.01416 -3.55687 1.56428 
1.67712 2.38695 -1.38013 
-3.29521 2.75844 -2.1468 
2.54743 2.77354 3.40435 
-2.26084 4.64859 -3.06125 
0.0313393 0.401205 -4.43148 
-3.98198 1.42047 3.02871 
2.59321 -2.97269 2.64176 
-3.598 0.152601 2.23703 
1.27786 -0.526467 -3.86058 
0.412061 -3.0745 2.97815 
0.000690395 -2.27483 -5.27866 
-4.61686 -0.637225 0.125479 
-4.35138 2.89126 4.04709 
4.22403 -3.0781 -3.95916 
4.24944 3.31019 0.41156 
-2.55025 -4.13718 -4.54653 
-0.0917408 3.65141 3.4999 
5.7435 0.840112 -0.609992 
1.19825 0.823121 -1.08869 
3.12171 2.33042 2.79786 
-3.45039 -4.43877 -2.50833 
-5.48011 -0.966853 -4.75612 
3.91139 0.985231 2.91384 
-2.99363 0.990544 2.72846 
3.62788 -3.70674 -3.4618 
-0.864997 1.12489 0.0112613 
-2.20052 0.536579 3.95338 
-4.13131 3.35334 2.49527 
0.808014 -0.807473 2.24787 
-1.55601 0.0578547 -3.17432 
-2.97646 -2.07385 1.58667 
3.55787 -3.81759 2.07943 
0.0565601 -5.31089 3.2304 
2.24528 4.2512 0.265131 
1.87021 3.35411 -1.45548 
-4.2223 -4.41522 -1.71898 
0.435099 1.7433 -2.45939 
2.40902 4.47072 2.27507 
-2.20913 -3.82769 -2.47113 
-1.81707 -1.65126 -3.78145 
-2.80402 1.17854 -2.44287 
-3.49202 -0.318045 0.347065 
3.42582 0.659054 -2.92468 
0.148826 2.06996 4.4452 
-2.98702 2.62429 -3.76446 
-0.32609 2.94017 4.2854 
2.73082 -0.666 -3.93184 
0.947801 -4.8899 2.91359 
-2.1782 1.78357 -3.34655 
4.76207 -1.88207 4.82728 
-1.40035 -1.21021 -1.34102 
-2.52655 -2.80121 -1.97203 
1.72796 -3.63173 -2.54928 
0.86701 0.790888 -2.77391 
1.96578 2.18995 2.80937 
-2.35928 -2.44611 -0.739912 
1.04102 1.59444 4.13097 
-2.28403 3.86849 2.83571 
2.43715 4.62651 -4.23925 
-2.38376 -0.6069 -3.34894 
-3.47021 -4.97328 3.83036 
1.96659 -4.84579 -2.36937 
-0.522708 -3.26069 1.22954 
-3.36108 4.54669 -5.3448 
-1.98857 -3.45084 -0.920555 
3.49128 1.02 0.81653 
-2.28203 1.7813 1.44415 
-1.1626 -3.64338 -3.64365 
-3.26753 -3.99029 3.45685 
-4.56256 2.46994 0.250655 
-2.481 4.78822 3.07826 
-0.845115 4.40882 -4.17888 
3.21725 -3.15472 3.83151 
2.41109 -3.49314 -3.31603 
-3.93205 -1.5691 4.94825 
-4.23997 2.41375 -1.68869 
2.80392 -2.04664 2.67656 
2.18331 -3.56676 -1.25744 
-0.711424 4.11031 -0.941578 
-1.36898 -1.64067 4.2331 
0.336203 1.33836 -1.00316 
4.82999 0.638404 -0.221928 
1.50609 4.16045 1.08933 
-2.82079 2.71288 1.1023 
-1.41849 -3.09757 1.66762 
4.36261 -3.39309 -0.16743 
-2.00288 3.31733 0.740641 
0.93263 -5.00528 1.19886 
-4.90924 -0.558005 3.48101 
3.23465 -2.99985 0.28033 
-4.26278 -3.10948 -1.38745 
3.93742 -2.41073 3.56929 
-1.65539 -3.65665 2.45882 
-0.760789 -2.6627 4.05103 
2.65032 4.71495 -0.697695 
-4.27718 1.15619 -1.61368 
4.55839 -3.04065 2.39029 
2.1546 2.97262 -3.36303 
-3.38853 -2.99058 1.50889 
4.31465 1.34729 0.417057 
-3.82355 -2.07686 -3.52326 
-1.92503 2.35003 0.637702 
-1.20602 0.4676 1.94066 
1.67183 0.633605 4.49443 
-0.440567 4.05248 1.50181 
3.96353 2.21957 -0.677833 
-4.67084 -3.72114 0.4364 
-3.54876 3.79916 -0.519261 
-0.986771 2.01727 1.39368 
1.45611 0.448547 -3.68815 
5.01824 0.843201 1.97384 
0.00782199 2.14843 -1.5902 
-3.04902 2.54891 -4.89675 
-1.77061 -1.33661 1.42015 
1.42756 1.44005 1.39456 
0.178201 -0.354218 -3.8532 
1.20805 -3.07382 3.52053 
4.76075 -4.42743 -4.14619 
0.311874 0.858464 3.5818 
2.54953 -0.147874 0.0674992 
-2.06664 0.791067 -3.70911 
-3.48295 -2.83476 -1.72981 
-0.683522 -1.97381 -1.42004 
2.91734 -4.98298 3.47565 
1.03936 -0.388158 1.18982 
3.65271 -0.362546 -0.238594 
4.12226 0.471095 -0.970951 
-2.75871 -0.230226 4.91792 
-2.34207 4.54886 1.66079 
2.08669 3.60781 2.87786 
-1.87517 4.89085 0.716726 
-3.68291 -1.25951 3.29949 
-1.34204 3.4248 2.71538 
-3.28335 -0.495717 -2.39813 
1.84757 2.54558 5.12698 
0.13794 -0.97754 -2.83554 
-3.17334 1.21871 1.79816 
0.560514 4.21112 2.37942 
-0.0149759 0.760675 4.51534 
3.12578 2.30204 0.806829 
-0.303228 -4.31556 -3.74366 
1.05149 1.69023 -1.5741 
-1.51215 -2.1319 2.18413 
-4.90794 3.54763 -4.51787 
-2.61016 1.06428 -1.47702 
-1.80778 -2.54973 4.79 
-4.93834 -4.27788 2.55279 
-3.55793 -0.967222 -3.24769 
1.0699 2.84085 1.10016 
2.89456 -0.0590682 -4.80146 
-1.45735 -1.43911 -3.96177 
-3.0547 0.512771 -3.65178 
-0.988766 4.62382 0.0636845 
0.0227608 -1.86975 1.64456 
2.16535 -0.753272 -4.29509 
0.476032 -1.68873 -1.29691 
-0.249252 -3.02595 2.97717 
3.62776 -2.37654 -0.424416 
-0.890197 0.68385 2.03244 
4.68956 -0.580167 -0.554343 
-0.0790245 0.22584 -1.39502 
3.98186 -0.280199 -2.33591 
-3.42512 -0.119501 -1.28828 
-1.47656 1.98022 -4.80371 
2.0705 -2.16381 -1.9691 
3.10884 -3.49946 -1.25687 
-4.40449 1.27441 5.30849 
-1.68036 1.99434 -3.1594 
-2.07054 0.646353 1.31236 
-2.2741 1.89555 -0.556168 
-4.83339 4.26599 -1.10186 
-5.79097 -3.28181 1.30048 
-3.46885 3.06356 2.57723 
-0.0364787 -2.48263 -4.20794 
-4.32834 -3.13806 -2.36004 
2.6977 4.23895 3.22158 
5.20866 -1.10935 -3.80229 
-0.403259 -0.525418 2.1659 
-3.09965 -4.57412 -1.77294 
-4.27684 -3.61956 4.33851 
1.3656 1.7788 -0.0401805 
2.4765 -2.12742 2.90564 
2.089 -5.58903 -3.61288 
-5.70906 -0.01074 3.24885 
-0.80579 -1.48297 -0.346562 
-3.08413 -3.96285 2.81365 
-3.83599 4.98853 -0.99414 
3.31805 1.72557 4.01508 
0.140566 1.43261 -2.58107 
0.299835 -4.71458 0.894472 
3.30766 3.21736 1.81936 
-0.94291 1.70809 2.20196 
-3.18757 4.34104 3.19145 
3.69864 -2.24998 -2.52693 
-0.421386 -5.01518 -2.87127 
-5.56082 3.45231 3.51116 
-3.17185 2.96134 -2.28142 
1.87539 -4.04596 0.4399 
-0.485215 4.18765 2.96372 
1.51244 1.88518 -4.51464 
3.05942 -3.0804 3.85777 
0.169881 -4.3397 3.11936 
-1.50158 3.50878 2.77577 
-0.166677 -4.63507 -3.81477 
1.53134 -1.99331 4.41456 
4.23799 2.70822 2.4826 
-0.843138 -3.47057 1.53435 
4.30929 4.3389 -2.4287 
-1.24661 3.60707 -3.77695 
-2.73246 -1.35613 -3.90955 
-2.33249 -1.18719 -1.32159 
1.12463 4.57578 1.68395 
0.24388 -0.262904 -3.83883 
4.14812 -2.2514 3.86228 
-3.29527 4.61742 1.67612 
-3.72268 -0.15243 -2.2706 
-1.87273 -3.90449 -1.59399 
-1.83213 4.06837 2.08604 
0.467025 -3.20902 -4.63228 
-2.98952 -1.99316 -3.29974 
-2.197 0.669656 -2.14196 
-4.24233 0.728681 2.8818 
1.87059 -0.303231 -0.633212 
-0.922863 2.39216 1.26063 
-1.8543 -3.95174 5.36611 
5.11719 -2.67908 0.726364 
-0.357568 0.624497 -0.508136 
2.12862 -3.57918 3.71971 
3.07206 2.56776 -4.50412 
1.28398 2.79173 1.5394 
1.4499 3.99003 -2.73702 
-3.45515 -1.56834 3.87212 
-2.54961 3.79088 1.53916 
-5.00652 -4.77095 2.36647 
0.909557 4.44465 -1.88372 
3.33612 -1.80074 4.5856 
0.06435 -3.80251 -1.21576 
2.62912 3.62276 3.93078 
3.70078 0.598339 -2.10806 
5.42251 -0.203602 -4.26845 
1.1541 -3.99601 3.64561 
-2.37471 4.44918 -5.0898 
1.57144 3.5269 -1.85167 
4.67431 -4.17897 3.93144 
-1.82354 2.78111 3.50967 
2.71071 -2.34641 -4.03967 
1.04991 -1.00141 -3.84233 
-3.98713 4.19193 -1.58628 
-4.27558 -3.86909 -4.03271 
-4.32296 -1.67606 -1.17928 
-2.95995 2.04579 -2.0775 
-4.00488 -3.46967 -0.788618 
-5.58337 3.65602 2.23286 
-3.29736 1.68264 3.80975 
3.31757 -4.18545 0.423888 
-0.115359 -1.36449 2.61791 
-3.30966 3.21771 -0.290574 
3.46179 2.12686 0.896406 
-3.99274 3.17402 -1.00297 
2.5958 1.97188 1.43893 
-4.61226 -1.84607 -4.38347 
0.829543 3.75293 -1.07377 
-3.7725 -3.6852 -2.95577 
-4.21314 5.78049 -0.0649327 
-1.43881 -2.61934 4.59071 
5.28076 2.24591 -4.6229 
-4.42906 0.487347 4.31408 
2.15585 1.50648 -2.10495 
-0.135482 -0.30998 3.16815 
0.310255 -4.56025 -1.99041 
-2.82265 4.88615 -0.533254 
-3.16787 3.48564 -4.40259 
4.01694 -1.45094 -0.425441 
-2.71928 -0.766112 -0.464892 
0.621911 -3.83591 4.5998 
2.2321 -2.66235 3.67632 
-1.1611 0.614025 1.05671 
0.690227 -2.94411 -2.64315 
3.13139 -1.08521 2.99488 
-0.907939 3.6756 5.04796 
-1.60393 -4.81633 4.80693 
2.10787 -4.20992 -0.477889 
2.51884 0.977314 -2.92342 
4.72172 -1.91171 2.46343 
-2.671 2.08727 -4.22844 
-3.82296 0.0845922 1.92651 
1.34829 2.5185 -3.4043 
-4.51027 3.76751 -0.311922 
-4.60876 1.27355 -0.317764 
-4.21104 3.58755 0.499747 
-1.55217 4.25353 -4.43023 
4.28757 2.78527 -3.73631 
-0.611398 1.58859 -2.07597 
1.04924 3.30886 2.80383 
-4.94007 -3.26892 0.00906064 
1.07426 1.7974 1.55527 
-0.537303 1.57908 0.165731 
2.43473 2.28793 -0.0229221 
-2.54891 3.58324 3.33964 
-4.47046 4.73225 0.147458 
2.6549 -4.47178 -3.67406 
5.6533 -2.83462 -3.72792 
-0.943862 4.42725 -1.58856 
-3.57473 1.64562 -0.597215 
-2.41313 -1.38768 4.42196 
4.11648 -4.54243 -5.10157 
-1.87228 -0.845152 2.63727 
-0.985011 0.505723 0.160041 
-3.60618 -4.92732 -2.71591 
0.803948 0.491406 -0.276506 
2.65311 0.0218734 2.98771 
-4.01165 -1.99479 2.01915 
-1.80062 -4.04356 0.388092 
2.40722 -2.26182 -0.901743 
-0.0585514 -0.0754734 -4.74032 
1.88164 -1.79256 -4.38316 
2.20467 -3.97779 2.78951 
1.2322 1.21189 -2.16466 
0.397871 -0.865068 5.23536 
-4.21825 -4.48594 4.00032 
1.4845 2.61932 -1.44319 
-2.40389 -5.30727 1.34085 
-1.26626 -4.27234 2.43641 
-4.36179 -1.53554 0.929135 
-3.59116 -4.38313 1.96849 
-2.04376 -0.609524 -4.29107 
-0.756027 -0.955998 3.57475 
2.58102 5.40903 -1.91122 
4.63577 -2.59149 -4.48218 
1.2084 -4.25529 2.75764 
1.20925 -1.1452 4.01651 
4.19796 3.51695 -1.69724 
1.31291 -3.61355 1.15167 
-3.93838 2.47008 1.90971 
-3.98058 -4.14343 -1.75429 
-3.48144 2.45787 0.278999 
4.53555 -2.40826 -0.965724 
-3.96596 -0.845232 3.38712 
-3.35446 -4.9705 3.89929 
-4.60175 0.390101 -1.11248 
2.62671 0.948029 1.44118 
0.0459791 -5.67907 -1.24409 
-4.98334 -3.94423 1.95365 
-1.05647 1.11846 3.91298 
1.78478 -1.07503 0.451829 
1.18793 4.23763 -0.24805 
-0.893996 -3.6577 3.25457 
-3.97538 5.5827 0.942956 
3.15753 3.70207 -0.500029 
1.11385 -4.1995 -2.84589 
-2.62039 -2.61494 3.51381 
0.399685 -2.71483 -0.986716 
-4.47331 4.56939 3.42077 
-4.17203 0.771519 1.2684 
3.79808 -0.482042 -0.185831 
-1.88184 -0.114238 0.612912 
-2.83803 -2.95183 -2.26036 
0.669577 2.48073 2.2476 
4.06805 0.45548 -0.326098 
-3.78298 -3.40555 1.17813 
-3.27976 -3.00288 4.10226 
0.887311 1.40403 -3.3275 
1.3961 -2.02961 3.36354 
2.91768 -2.08149 3.79755 
1.62027 0.987839 1.42465 
2.77597 -0.689571 3.75424 
0.324955 2.52034 -2.30003 
-1.01389 -4.64761 -2.08029 
-0.282045 4.55505 4.93336 
-2.7684 -3.8931 -4.28516 
1.73695 0.993774 -3.96306 
3.58602 -3.89175 -1.97332 
2.62155 -1.89345 -2.81418 
2.81562 4.49215 -1.91237 
-2.62271 5.65092 1.77923 
3.13474 3.03397 0.426557 
1.44024 3.45299 -5.28063 
-0.181297 -5.1262 3.61056 
-0.00434757 -2.24876 -2.45749 
1.78543 3.23957 0.0197726 
2.37029 2.93336 1.02224 
2.16027 -4.46719 -2.80581 
1.06054 0.223128 1.64482 
2.32336 2.82584 2.02718 
-3.71124 2.22763 -2.72921 
-1.21463 -2.51326 3.11631 
4.15585 2.7178 -4.71454 
3.14538 2.81195 -3.3382 
4.14502 -3.73736 0.433489 
3.50199 3.93857 -1.3419 
-2.66412 -3.98986 -2.3731 
-2.32356 3.02529 2.28178 
-4.70707 -0.94673 0.0633293 
5.25092 -1.23855 -5.10323 
2.42779 4.52318 -0.973117 
0.50707 -3.45381 -3.66008 
0.624407 2.89337 -4.3261 
2.29966 2.7933 -0.901294 
-1.0717 -5.1796 1.11483 
4.80419 4.39883 -3.26755 
3.26723 1.18088 -0.469973 
-1.23272 -3.49032 -3.85406 
1.77096 1.98405 0.89982 
3.34388 0.224155 1.50994 
-4.33126 1.30293 3.75091 
-1.55528 2.5001 0.55289 
-4.78634 3.45263 -1.86463 
2.36521 3.65872 -4.28556 
-1.06094 0.00388968 -0.837936 
-4.96936 1.38438 -3.05895 
-2.40293 1.77016 1.0899 
-4.67773 -0.420708 2.77815 
0.986194 0.131334 -1.19654 
-2.02626 2.44507 -2.23207 
0.417688 -0.13857 0.661789 
-2.39207 1.00899 -4.38129 
-1.64352 -1.30938 3.59488 
-3.8162 4.54926 2.52166 
3.46306 0.77786 3.74813 
-0.13958 0.728085 4.63393 
2.94359 -1.46792 2.03337 
-1.61408 -2.18543 0.211935 
1.70128 -3.40823 -2.28118 
1.93965 -3.94289 -1.42928 
-2.88229 4.45389 -1.49356 
4.06884 0.906894 1.35652 
-2.38889 -4.47163 4.17639 
-2.86905 -2.26955 4.41193 
1.94787 -2.8836 0.683106 
-2.16817 -1.24461 0.47282 
0.499885 -2.75772 1.14635 
3.2318 2.64376 4.55018 
0.945588 1.85931 2.93067 
-0.220974 -3.10036 -2.98054 
-2.27306 4.54085 3.90594 
-3.03905 -3.57362 -1.4495 
-3.32157 2.46443 -5.11953 
-0.108081 1.28061 -4.48499 
-3.68344 -0.854784 0.915965 
-3.93052 -2.60685 -4.94816 
3.77536 -1.33761 3.67729 
-1.39702 3.25693 1.55815 
-4.33306 4.91762 1.64749 
3.67536 2.07785 2.99695 
-0.725264 3.16277 3.10392 
-4.42459 -2.86229 1.79454 
-2.12872 -0.328328 4.75092 
1.95814 -1.32775 1.68948 
-1.24584 -4.80444 -0.871386 
3.11127 2.93821 -2.28459 
-0.315322 -4.74991 3.27554 
1.3287 -4.19784 -4.19883 
-0.417292 3.85648 1.72437 
5.19864 5.04265 1.92033 
-1.00174 0.882983 1.21661 
-0.782533 2.8116 0.584287 
-0.85209 0.0764843 4.0561 
-1.89416 -4.18636 4.35411 
-2.31057 -1.07424 4.15874 
-0.80037 -0.230948 0.635408 
-1.78651 0.252245 1.13439 
-2.44128 -3.48949 4.06715 
-1.059 1.6361 4.90622 
-3.08252 1.28385 -3.86237 
4.72083 1.80753 0.236049 
1.63757 0.15054 -1.5615 
-1.02136 5.12116 4.58347 
-3.91541 3.46713 4.62595 
-3.66344 -0.437601 -0.984572 
1.51152 -0.72742 -4.11301 
2.28411 3.42852 3.78157 
2.54593 -3.56602 -5.04657 
-4.2199 -2.07585 -2.04104 
4.67607 -3.83608 -4.27696 
1.08197 1.32723 -0.037874 
1.15324 -2.46945 -2.32712 
-0.818407 3.31983 3.95242 
-2.01106 1.33724 0.86457 
1.29312 -1.38981 2.46682 
-3.98735 0.745994 -4.12422 
-1.36452 -2.36829 -3.31988 
0.0522184 -1.62819 1.60927 
-2.82925 -3.29898 -2.31066 
2.01718 3.2578 -3.23466 
0.418926 -0.802489 -4.17821 
1.95217 -3.08717 -2.54999 
4.08522 -2.05388 4.78858 
-1.88487 -5.30848 4.24466 
-4.88882 -3.54258 -0.648403 
3.2651 -1.28577 4.12518 
2.99196 0.194497 -3.45066 
3.55684 -1.29639 -4.89866 
-0.947733 2.36226 3.95343 
5.09755 4.04484 2.93372 
-4.65795 -4.01999 1.61268 
-1.2461 -0.907555 2.72435 
3.67305 3.34842 -2.88723 
-3.3601 1.02782 -2.9519 
3.68412 -4.51629 0.324782 
-3.41708 -3.80886 -1.24296 
-3.96342 0.0556777 -3.45279 
-3.33186 1.0426 2.73831 
-1.95796 5.16966 -4.91018 
-0.969031 -1.86814 -4.67236 
-3.53013 -5.23346 3.88401 
-4.2174 -3.69466 4.46634 
2.73535 -4.10371 0.54493 
-3.11764 1.31611 5.03963 
-4.40025 -4.76237 -0.119018 
-0.0866788 1.42999 -3.29546 
-1.09839 3.81398 0.878258 
-0.956735 -2.29629 2.79633 
1.01923 4.03241 -0.190117 
0.770353 -2.75345 3.0496 
-4.47847 -4.47386 -2.82344 
3.3126 -3.71872 -1.33019 
-4.54082 3.47735 -0.409429 
2.66805 3.10782 4.78461 
-0.590322 2.55979 -4.29621 
4.84891 -3.76756 0.872678 
3.67041 -1.63275 3.07246 
0.305021 -0.835679 0.714702 
-3.51945 3.75339 -0.336096 
-3.68331 -3.65471 -2.63117 
-2.78636 1.42596 3.86205 
-0.802561 -2.30688 1.80889 
-1.04157 1.38789 3.85365 
-4.82611 3.19987 -5.51372 
-2.17873 -3.02349 -3.22568 
1.84176 -4.32832 -1.17032 
3.11858 -2.25641 4.57207 
-0.906199 -2.9043 0.800272 
2.87311 -1.34066 -4.12155 
4.75533 -1.37041 -4.73531 
3.1764 -2.95742 5.16723 
-0.784577 -0.613606 -2.65745 
-3.25344 -3.81125 0.985449 
-0.696536 2.51652 -1.4058 
-0.77623 -1.00383 -4.26066 
4.58091 0.0847482 3.88569 
-3.44564 2.00675 3.0545 
-1.53092 -1.23005 -2.37165 
2.63872 1.95466 4.02391 
4.74335 1.77845 -2.73191 
2.05267 0.246706 3.34329 
0.784363 -0.262344 1.46745 
-2.16328 4.07402 2.35479 
2.28234 2.46367 -0.819765 
-1.68506 3.22243 0.28166 
0.693501 -1.60591 -2.6302 
-4.97138 -0.327142 1.16981 
-1.38512 -0.730259 3.82311 
-1.24449 -0.249402 -4.77082 
3.0592 0.867563 -2.45885 
2.32474 -4.01303 3.13138 
-1.85846 -4.18105 -0.261838 
-0.242279 0.120113 -0.898533 
0.838641 -0.344286 2.58063 
4.93505 3.83092 -4.5866 
-2.83862 -3.99969 3.06428 
-4.04861 -3.20805 -0.970155 
-0.240973 -1.39043 -2.16606 
-1.78255 -2.81046 1.50675 
4.94565 -3.02362 4.52872 
2.50915 4.74283 -4.45363 
1.40453 3.32889 -0.767924 
4.43269 0.917961 -4.34811 
-3.29088 -1.63265 0.950037 
3.54038 -0.214555 -1.41832 
0.0293606 3.60998 4.68184 
-5.54026 -3.97548 -0.0102553 
-1.55099 0.796774 -4.43705 
-2.71638 3.10693 0.818286 
-3.14385 3.0095 3.21027 
3.10684 -4.45396 -2.66581 
3.11201 2.39659 -1.43548 
-1.20752 3.0521 3.19016 
0.450639 2.30764 -2.69465 
-4.673 1.49948 2.18529 
-0.936425 -3.9531 4.19973 
-2.35443 3.70904 -0.253175 
-1.64933 3.81172 3.47938 
-1.74689 -0.603133 -0.696077 
0.0953894 0.836265 -1.42422 
4.60484 3.34283 1.45741 
-2.59113 -1.33443 2.94613 
-0.00530038 1.04589 -2.35746 
4.65504 2.52566 1.00497 
5.60056 -3.12865 -4.37396 
-0.0334845 0.306155 1.12931 
1.94034 3.48232 -1.51777 
2.56556 -1.12453 -1.52974 
-4.4522 2.34876 -2.66731 
-1.84323 4.36241 0.303661 
3.61881 0.787617 -1.61439 
0.358756 3.49912 3.60574 
-2.86134 4.19302 0.899422 
-3.48827 5.20276 0.648203 
4.81747 -2.09089 1.69715 
3.74856 -3.79654 -2.49276 
1.6468 -2.95268 -0.568155 
3.3434 -2.67317 -1.82809 
-2.33081 -3.5359 -0.793533 
4.69124 3.88039 3.82783 
-0.75186 0.702225 4.99433 
1.4957 2.50522 -1.51714 
3.87408 -3.69127 0.878579 
4.86556 2.21785 -0.738818 
-0.122116 2.80819 3.20372 
-2.18884 4.6219 -2.95132 
0.014733 2.78284 4.21265 
-4.75126 -1.04654 0.425211 
4.4392 -1.02422 2.39324 
4.10801 0.990131 -2.39334 
-4.49226 1.07801 -1.06625 
0.857735 0.840313 1.31146 
1.80919 -2.9254 1.48602 
3.13302 -0.411853 3.6648 
-2.82229 -2.33704 -3.63575 
0.0620434 -4.67238 4.07174 
2.09109 -2.53025 -3.46613 
-2.46349 -4.11728 -1.56726 
0.0454822 3.23675 -2.55581 
0.926056 0.884081 -3.42688 
-1.70597 -4.22044 -3.15403 
2.45421 -4.10424 2.18271 
-0.0407054 4.17021 -3.35779 
-0.537574 5.21139 -1.54191 
1.5601 0.0522996 0.821263 
2.35287 -0.414082 1.00402 
-2.08174 -1.15574 0.824359 
-1.69652 2.52381 2.134 
1.77718 3.3065 1.86345 
3.71614 1.84416 0.224971 
-3.37445 -1.62335 -2.0259 
3.62316 2.54478 -4.52222 
-4.57372 2.25131 4.91431 
0.711281 -1.753 -1.62527 
4.62403 -1.21435 1.23468 
2.81377 -4.76001 -1.76873 
4.51897 2.19793 4.39359 
3.34395 -0.704914 -3.38765 
4.90338 2.79225 -1.79673 
0.13191 -2.35547 -2.32872 
-4.92082 2.68877 0.150437 
2.3652 -0.664044 -3.58419 
-3.53071 -2.27731 2.89488 
0.0547133 -1.78357 -4.18853 
-2.18067 -0.0526561 -1.55518 
-4.3861 -3.45498 3.33809 
0.814508 1.7318 -1.35266 
3.82788 2.76529 -2.17971 
2.18764 2.28159 2.4037 
0.796691 2.54924 3.28123 
-4.14 -1.78747 -1.00387 
-0.178153 0.248487 -2.86608 
1.74613 2.35855 3.40287 
4.04284 2.69976 -1.21039 
-2.04242 -0.164981 0.244367 
4.60069 0.615501 -1.43906 
0.802733 3.72315 -4.70641 
-5.25432 -2.11491 -2.4262 
1.59395 5.40767 3.51868 
4.15909 5.10615 2.56797 
4.0814 -0.900841 0.316944 
1.33287 3.03026 -2.30502 
1.63322 -0.643002 4.92608 
3.86511 -2.58998 1.17238 
1.8561 4.30237 3.46115 
-2.35722 5.27551 0.655299 
1.43902 -4.10424 -2.71102 
-0.684596 -4.42952 -0.367241 
-3.32956 -0.566332 -1.97282 
2.29771 -3.79655 -3.14111 
1.12322 1.97341 -3.43489 
-4.16955 -1.79373 -0.104033 
-2.16424 0.320563 -0.580503 
-4.40505 -1.88555 -3.02919 
-2.66563 -4.97003 -2.07082 
1.92826 -4.48974 -4.85805 
0.667531 -0.469209 4.7061 
0.267866 1.3412 0.761062 
-0.210575 -0.551927 1.5201 
-3.80005 -0.736529 0.267228 
-4.93675 2.87248 3.62788 
4.75022 -2.14058 2.76428 
2.623 0.332187 -1.50829 
-2.44321 0.581503 4.38543 
-0.766831 4.8814 -4.32325 
-5.29804 3.11254 -3.64891 
3.94388 -1.83699 -2.02907 
3.48598 1.87613 3.54089 
0.353948 4.89703 -1.638 
-0.234938 0.905307 3.68203 
3.54396 1.48914 -4.6374 
4.07854 -3.19772 -1.83546 
2.03456 0.622475 -0.731335 
0.981008 3.35383 1.10584 
0.73833 -0.661375 -0.215443 
2.18213 4.57394 -0.868357 
1.27596 -1.72961 3.37358 
-0.34306 0.890536 1.83921 
5.03047 0.154773 -3.85839 
1.58224 0.0104785 2.22653 
-3.22083 -1.71064 -0.0878392 
4.93479 -2.69048 -3.61928 
2.2095 -1.57524 3.03257 
-2.51048 -0.996608 -1.8043 
0.306107 0.841505 -0.441031 
-2.29953 2.34716 3.57819 
-3.55591 3.48721 -2.68638 
-0.0470707 -3.00347 0.240239 
-3.81355 -1.52923 -4.48351 
-2.49859 -3.04945 2.23985 
2.88447 4.06287 4.26842 
-0.218761 -4.2102 0.641019 
-4.30642 4.03243 -3.17964 
-2.85878 5.15576 -5.37232 
-1.24122 4.68537 -0.364726 
-5.15673 -1.56923 -0.384463 
0.662377 0.901412 3.99956 
-1.95208 1.32158 1.99102 
5.48645 0.493586 4.21246 
3.25412 -0.754447 2.74746 
3.03679 -0.54221 1.67046 
1.91973 -3.42119 -4.0938 
0.641738 -4.25545 1.51119 
3.61117 4.13558 -3.44738 
-2.90918 -0.331564 4.32318 
3.19711 2.81002 3.79225 
3.14123 3.99319 -4.57772 
3.63718 0.374569 -4.47849 
-1.80247 1.85024 4.1378 
1.27096 -0.00569523 -0.685421 
-3.95997 3.87068 -4.1392 
2.04326 -4.72159 0.668423 
0.0695958 -2.20517 4.93718 
-3.04251 -2.69149 0.303399 
-0.0528853 -5.21932 -0.660386 
0.32703 -3.92328 -1.77624 
1.41995 -3.64899 -1.79928 
-2.77369 4.06282 -2.08541 
1.57838 -1.84257 -1.23915 
3.00822 3.0311 2.90884 
4.66787 -4.76236 0.883511 
-2.46838 2.16235 2.60731 
3.30349 -2.43778 -0.557556 
-0.624507 4.69551 0.912154 
4.53716 3.18123 -0.539632 
4.87721 1.24704 -5.39593 
-2.92442 -1.41006 2.29511 
3.15383 -0.377196 3.49267 
-2.73202 -2.99687 0.734734 
2.6633 -1.86677 4.38874 
5.4684 1.11485 -2.92308 
3.99284 2.11178 0.254277 
2.38983 5.0249 -2.39355 
2.38198 0.447763 -2.23695 
0.42275 0.955235 2.25709 
3.07299 -3.19218 -4.50628 
-4.66957 2.39416 -2.5372 
4.73004 -1.14532 -4.47494 
-2.08756 -3.24314 1.4955 
1.79862 4.32092 -1.87421 
-3.38174 2.49401 -3.30277 
-1.45438 0.653872 -3.74791 
-4.47613 3.97168 -1.62831 
3.22476 -4.2077 -4.28969 
-1.22341 3.71106 0.815709 
-2.66034 5.03516 -2.81388 
-0.60291 4.91013 -0.750185 
-5.2459 0.735779 1.70881 
4.57394 0.883529 -2.49486 
3.60557 3.49139 3.80086 
-1.41095 0.974215 -0.613479 
1.62253 -1.41843 -4.32692 
-1.34892 0.833734 2.56106 
-4.45457 -5.08963 1.73144 
-0.0391507 1.41374 1.36087 
-1.46286 1.98559 -1.9235 
-1.55671 -0.25809 2.0052 
-2.86744 -4.70678 -3.73805 
1.12039 4.46113 3.22128 
3.17743 -2.60437 2.5419 
-0.609522 1.49534 2.1686 
2.1042 2.4675 -2.7735 
-2.89134 4.41359 1.27218 
0.317781 2.81224 -1.24121 
-3.84803 0.367449 1.49856 
-2.39902 -3.9099 -1.49205 
3.23542 0.573729 3.79983 
0.802917 2.83959 -2.10069 
-2.86733 2.08819 4.89015 
1.8077 -0.582362 5.08471 
1.78133 1.90056 -0.816239 
-3.71478 -4.65812 1.04 
4.91284 3.92239 2.84519 
-2.98084 1.70953 0.424865 
-0.820279 -3.40641 -5.04598 
-3.92414 1.79401 -2.44052 
0.0401507 1.23755 -1.46126 
0.733319 1.83703 2.61554 
-3.60089 -0.242592 -1.51176 
-0.616304 -0.0277111 -3.51107 
0.712919 4.24091 -4.33862 
-1.47905 0.698121 1.46778 
2.76369 -2.75037 -1.88129 
4.18474 3.62467 -0.554841 
-4.2248 -1.04731 2.53989 
-0.994537 -0.713079 3.64172 
-4.92307 -4.79478 4.15742 
0.252555 0.270912 1.39357 
0.646772 -0.438034 1.00002 
-1.76912 -5.01822 3.93888 
-1.13099 0.130143 -0.379847 
0.642347 1.33479 -0.682808 
0.850485 0.814917 -1.66358 
-4.04684 4.54904 4.16181 
4.6851 -3.75267 -1.39016 
2.21055 -2.83598 2.4288 
-4.03194 -4.06507 -2.36041 
-4.71642 4.77061 -3.60298 
2.92029 -0.200831 -0.499886 
0.0970602 -2.73949 -2.17019 
-2.07813 -3.66205 3.00135 
0.0468891 2.87319 5.09545 
-3.82393 -3.23663 0.872885 
0.951316 3.40006 -0.539721 
1.52655 2.08208 3.29166 
3.91154 -0.563625 -0.418429 
-4.22482 -3.74579 -1.33703 
1.67778 -0.748699 1.02377 
0.00630725 -2.54633 4.80012 
5.24911 -3.062 0.326891 
1.49883 -3.1981 -3.50031 
1.22747 2.71819 -3.60778 
2.36675 -3.81069 4.87875 
1.95294 -1.98111 -1.94911 
-1.91801 1.66814 4.62908 
4.42954 -4.83798 -4.76593 
-2.90235 5.10275 2.20826 
1.10084 1.07706 3.33084 
-2.92877 3.92549 -0.123843 
0.107171 2.20518 -4.06174 
-2.84329 1.74903 -1.48794 
-1.97098 0.812115 -1.73153 
2.54305 1.09966 -0.845337 
-2.59139 1.64447 1.99839 
4.09252 -0.0720737 -2.06532 
-0.41389 -2.63641 -3.20229 
-3.20451 -3.80224 -4.1049 
-4.4696 0.728257 -1.71881 
2.20672 1.9741 -4.18184 
3.91322 -3.819 -2.08365 
-3.68074 -1.13735 3.822 
4.1891 3.13539 2.05145 
3.77135 -3.05637 4.5496 
-0.989757 1.59508 -1.23522 
3.93449 -4.88061 -3.8212 
4.31575 0.00276279 2.19275 
-3.68631 -2.91653 -2.14247 
-2.9125 3.19232 -4.69271 
-1.30615 5.13841 -3.57584 
1.84811 -4.11846 0.777225 
-0.785043 4.87451 -5.45344 
0.55706 -3.26123 1.77207 
-1.25068 4.2202 -1.24502 
-0.650509 2.82188 2.76759 
0.932908 2.04235 4.41923 
-2.8644 4.15006 4.53934 
-4.50668 2.04542 0.851497 
-0.209146 0.667707 3.00171 
1.72365 2.93701 2.58722 
1.83962 -1.29874 -0.537625 
4.59763 1.39308 -4.37309 
4.82135 1.87453 4.72053 
1.77566 1.4998 -2.28375 
2.01746 -4.03746 -0.26956 
-5.13392 1.44279 3.79956 
-0.263987 0.353033 4.93818 
0.780277 1.86557 1.38818 
2.55099 -2.10737 -2.75766 
2.68084 1.23317 -1.86862 
-4.05017 2.4552 -0.221527 
5.39338 -4.41171 -3.0568 
1.26175 -1.95065 2.40833 
0.0967624 2.5007 2.1123 
0.375939 3.99145 -3.4268 
-1.48951 1.69859 1.73274 
-2.74524 -0.12127 -4.52476 
-0.0465699 -3.57604 -3.40863 
-4.96734 3.83205 0.0952918 
1.48426 -5.11892 0.187155 
-0.552114 1.0285 -3.16206 
2.94488 -2.21264 -4.53911 
-1.32642 -3.97665 1.96098 
4.00268 -4.44743 -0.544104 
0.950208 -2.90759 3.87007 
0.743922 -4.14206 1.9979 
3.07635 -1.75232 0.753171 
1.28106 -0.771688 -1.12041 
-1.82881 4.32826 2.8098 
4.74997 5.00487 2.40422 
-3.56106 1.25362 -3.36642 
4.92922 2.74612 2.59827 
2.79526 -3.29505 3.155 
-5.09823 -4.08479 3.369 
-3.7654 -0.914077 1.57363 
-4.5834 -1.51256 1.59157 
-1.35479 -4.30997 4.71323 
-3.24136 -2.23098 -0.549904 
-2.41195 4.29928 3.62418 
0.8735 -1.83783 3.83832 
-0.880764 -0.983085 1.07211 
1.62301 3.80986 -4.55125 
-1.84772 1.72352 2.71958 
4.69643 0.990743 -3.51821 
2.36679 4.29259 -4.18789 
0.003997 -4.37351 4.77817 
4.41246 2.88101 -2.27923 
3.67017 -1.13236 1.67298 
-4.54836 3.47524 -2.56587 
-1.05976 1.85288 -0.273213 
-1.9291 -0.299363 -3.74757 
4.35357 3.75072 1.09703 
3.68615 -0.958185 2.73194 
-0.126644 -0.119358 -1.73233 
3.34095 -4.05629 4.79967 
2.91621 4.33645 2.45945 
-1.77516 2.30128 -0.903269 
-2.47349 -2.82067 -0.67732 
-4.40707 -0.163605 3.05457 
2.2399 1.03429 -5.00346 
0.207776 -2.46433 -1.07459 
-4.4259 1.22523 1.49491 
2.62817 -1.10056 -2.18006 
-0.934035 2.6335 -1.25334 
3.17149 0.532852 1.07884 
3.01329 -3.61877 -0.372728 
4.53801 -2.3166 4.36749 
2.55828 -1.86302 -3.7157 
2.18896 -1.97364 2.01628 
1.25696 -2.35058 1.53754 
-4.60794 -3.06633 2.84558 
3.18728 4.22794 4.55549 
4.03326 -0.395114 5.24543 
-0.489729 4.50933 1.08805 
-3.71483 -3.92046 5.06971 
3.16911 -4.29755 1.84659 
4.25626 -3.14014 1.0464 
-2.15065 4.19684 1.85552 
-0.107084 4.20581 0.0973489 
3.40223 4.57902 -1.81392 
-0.768953 1.51419 0.682836 
-1.25872 0.943914 -4.62825 
1.02065 -1.4197 -3.26141 
0.288229 4.87673 -1.72507 
2.82727 -4.78377 3.88884 
-0.626853 -1.5138 -2.94674 
1.94798 0.78927 0.216893 
3.06049 1.57507 4.11295 
0.599233 3.40815 1.82849 
3.45275 -5.08446 5.24613 
-0.203043 -0.464456 -2.71636 
-0.734975 1.52772 -2.35729 
-2.22467 2.51363 -1.7441 
-4.15692 -3.90585 -3.75598 
1.57267 4.18004 -0.551112 
-2.84783 1.0304 4.85176 
-2.0379 -4.23913 -3.4234 
4.53865 -1.15992 1.27227 
2.31081 -2.04663 -0.992741 
3.82832 3.38337 -1.59173 
-2.31576 3.45202 3.08056 
2.58149 -1.23995 1.44495 
-4.0852 3.47296 0.439514 
3.20718 -0.784089 0.384863 
-0.5236 -3.16378 -1.40968 
2.53157 -3.85571 3.99912 
3.55027 -3.70928 -1.14282 
1.73685 2.04895 2.33545 
2.5793 3.65426 -0.375274 
-0.79098 -4.93109 0.165167 
3.99354 1.08795 0.506145 
-1.26376 -1.31357 5.22166 
0.22378 -2.24222 0.864536 
4.73657 4.10906 1.90496 
-2.25654 1.31794 1.07527 
-2.13886 -1.67829 2.83671 
-1.16802 -0.0953841 -4.47814 
-4.68201 -1.02528 3.42014 
3.3566 2.05687 2.99538 
3.91259 -0.79249 -2.8893 
5.21879 -2.8412 3.788 
0.715118 3.0258 4.04845 
2.13848 -4.90711 2.98827 
-5.03611 2.37886 1.64796 
-4.11214 -1.04671 -3.31453 
-2.66699 -3.00438 -1.67229 
3.23167 3.4086 1.03902 
4.47677 4.89434 1.17574 
-2.7882 -4.37308 -4.97786 
-3.64555 3.55844 -3.07997 
-0.935244 -0.988141 -1.98838 
-4.77135 -1.98574 3.7338 
-3.90221 -1.61169 -2.51541 
1.29399 -1.32818 0.284923 
3.66604 4.01784 1.75669 
-0.26695 -0.344099 0.437759 
3.81626 -2.06659 3.22211 
3.8358 -3.19323 2.94301 
3.77253 3.92057 0.328349 
3.86181 1.94992 -4.87775 
-0.393032 -3.02419 0.415873 
4.36556 4.40305 -3.38989 
3.83055 2.50108 -2.94147 
-4.23686 -2.07544 -0.875325 
1.67077 1.00394 -1.25991 
-3.08405 -1.63346 -3.19497 
-0.385925 -2.36443 2.58257 
-0.217719 2.2363 -1.97561 
-3.68547 -2.75417 3.38066 
-4.55733 -1.28755 -1.54106 
-3.18335 -2.66726 -4.11014 
-0.610237 -3.80239 4.11743 
-4.66288 -1.87251 -4.4996 
-1.15023 -2.3769 1.10967 
-1.39045 -3.67676 -1.89128 
2.77027 4.82623 1.6519 
-3.2902 2.63872 -1.47698 
-1.03465 -2.96865 2.22742 
-2.50749 0.558425 2.95564 
-3.23122 0.250233 -3.22164 
-3.95408 -2.05402 4.25021 
5.50672 -0.488358 1.02082 
3.43724 1.67643 1.19882 
-2.39487 4.26685 -1.80945 
5.17646 3.20863 -0.788078 
4.01499 0.304886 -1.05694 
-3.00476 -2.25136 2.85681 
-3.15394 4.15549 2.39307 
-5.04462 4.31367 -0.969933 
-1.3772 -0.735627 -2.9567 
4.11597 1.73052 -2.28429 
0.446755 -3.40156 0.586291 
3.895 -2.2636 -1.53162 
4.99603 -4.6793 -1.03344 
-2.24416 4.91843 -0.590954 
0.950928 -1.53822 1.12863 
1.3864 -1.3214 -2.31347 
-3.24016 3.73139 -4.62714 
0.0211682 -3.90809 -1.10818 
0.866263 2.42693 -3.09849 
-4.26988 -4.00244 0.302978 
-3.27084 1.50048 3.57233 
-1.55734 4.29854 -0.00906198 
2.49552 4.10678 -4.40828 
-2.71241 -1.4327 -1.80326 
-0.136152 3.15551 1.75158 
-0.82009 3.81978 -4.67714 
1.91145 0.689628 -0.0548855 
1.79788 -3.82544 -0.360489 
2.28748 -1.96603 0.0154119 
-3.3799 2.68412 -2.63878 
-0.814433 -4.50316 3.66716 
-2.20294 -3.35275 -0.516997 
-1.25592 -3.82887 -0.376738 
3.05828 4.87573 -4.05265 
-3.65252 -3.20182 3.28996 
-0.144559 -4.14309 -0.156094 
3.65878 -1.05609 -3.02579 
-1.4598 -2.63794 -0.211999 
-1.20061 -2.93839 1.94454 
3.45452 1.24202 2.14127 
-2.24435 -0.950377 3.51247 
0.510966 -1.03751 -3.14934 
-4.04971 -3.45469 -4.2589 
-2.51611 5.17366 -2.79425 
-4.74569 -1.48524 3.25404 
-4.54546 4.42278 -3.38893 
-0.347166 -2.69585 -3.99393 
-4.13337 -2.58669 -3.32026 
2.08298 4.81033 -3.24399 
-3.32399 -2.66786 -0.832537 
-1.17017 -2.72906 4.05217 
-3.97058 -3.50635 -0.491326 
4.38968 2.5872 0.180126 
-4.88993 0.738418 3.06677 
3.10928 -1.96039 -4.51559 
2.72631 4.9934 0.258341 
2.01797 -3.72571 1.71012 
-4.29836 0.531874 -1.61645 
2.86946 -4.16789 -0.280531 
1.79535 0.892947 1.09432 
3.10741 -4.54306 -4.80391 
5.00349 4.07943 -0.704361 
-1.48925 -3.09987 3.08777 
-5.74967 3.58459 0.960624 
-4.00184 4.41528 -0.723325 
-4.70577 4.06751 -4.80908 
-4.46158 5.10559 3.4456 
-1.46829 -2.92994 -4.01418 
-1.54414 -1.21148 -3.47779 
2.10167 -4.84719 1.08242 
4.89919 -5.02618 -2.74241 
-3.33159 0.787725 1.8886 
-3.13036 -4.31707 -1.93992 
2.37594 -2.31713 2.15491 
-0.171296 0.0682453 4.28655 
-3.21518 2.03484 -3.6563 
-3.36529 -3.1748 2.17264 
3.92694 0.708253 1.01341 
3.54005 -0.217408 4.27929 
3.27965 -4.55099 2.58046 
4.04721 -1.29475 -4.9013 
0.0681402 -4.36492 2.42348 
-0.773412 1.65561 -3.15395 
-2.32586 2.55787 -4.95738 
4.07311 3.73001 0.0158552 
1.45863 -4.26388 -3.95836 
-4.07837 4.64578 2.72667 
2.21885 -4.86304 4.51906 
-4.48156 2.85136 3.9688 
4.82501 -3.22061 4.76552 
-3.04939 -1.25801 -2.88657 
-2.8099 4.15153 3.76941 
-2.40551 -2.1905 -0.456762 
-3.01455 0.0474074 -3.97332 
-3.1146 2.91488 4.52437 
2.71688 -3.82665 3.13411 
3.20874 -0.483934 1.79279 
1.79378 -5.0294 3.70875 
-4.75937 0.454569 1.39241 
-1.01638 3.63456 4.40936 
-1.47436 -5.20131 1.04855 
5.61697 1.5004 3.86033 
0.410594 -1.91857 0.36295 
1.68656 -3.39342 -3.7591 
2.82787 -0.118916 -0.267897 
-3.93721 4.35887 -4.17231 
-4.21861 3.05106 -3.08163 
-2.16665 1.85179 1.65278 
4.51729 -1.92838 0.551348 
-0.0612398 -4.01717 -4.69296 
-2.62633 2.68793 1.04275 
0.353973 -2.63434 -3.26684 
2.28269 -1.30848 2.39137 
-3.47739 -2.17115 2.09048 
-3.37174 -4.15499 0.269623 
1.46711 3.15184 4.7723 
2.02898 2.9932 -4.19663 
0.195493 1.54033 -2.99363 
-0.314002 0.78397 -3.38992 
3.02154 2.88234 4.15067 
-3.86327 -3.76334 1.55601 
-0.468645 1.37525 -1.3277 
4.34214 -3.49167 -0.987808 
-2.12379 0.420768 -2.2017 
1.82423 -0.0139349 3.63208 
1.78526 0.100246 2.60415 
3.58683 -4.54136 -3.40844 
-0.0440991 0.370857 0.996647 
2.15688 -4.43955 -1.20292 
2.44384 -3.1689 4.42828 
2.15158 0.209545 -3.68213 
-3.02586 -2.45842 0.966174 
-1.22197 4.55035 -4.10527 
-0.08332 3.17038 -1.90579 
0.40047 1.15182 2.61929 
-3.10666 -4.46518 1.23472 
0.742528 -0.697128 -0.493496 
-1.55402 -3.8497 4.60805 
-4.11791 -3.72277 2.56025 
0.940397 -5.22165 3.98426 
0.438429 -5.29595 1.95421 
1.71477 -1.67097 -2.34188 
-1.35909 -0.0265082 2.96392 
2.57886 4.58499 -2.08976 
-3.40083 3.06608 -3.82262 
1.20839 -4.37821 5.1112 
-4.08003 3.9488 -1.66108 
2.9365 0.811423 -0.552625 
-1.16888 -0.398446 -4.06683 
3.28358 -2.10468 -3.06816 
-1.62597 0.779928 2.51137 
2.79784 1.57463 -5.22146 
2.77289 -4.83727 3.44358 
0.377085 3.3154 -2.81209 
1.04022 2.10509 -2.02047 
0.222529 3.07634 2.78503 
3.74853 -3.55555 2.87289 
-5.32884 -0.970127 0.274497 
-0.0101861 -1.90903 -4.72345 
4.4094 -2.02046 1.97267 
0.920858 -0.338623 -3.77115 
-4.98595 -2.26018 4.14193 
0.664716 -0.991283 0.525654 
4.61964 1.17728 4.60478 
1.39315 0.967294 2.12493 
2.84028 -3.24075 2.26765 
2.46162 0.361138 1.79986 
3.23935 1.73833 -1.40286 
4.82608 3.11921 -3.48561 
4.41691 1.30011 2.71931 
4.77787 3.05138 -0.782841 
-2.31636 2.25218 -2.89789 
-2.41595 -4.15804 -0.079767 
-1.69783 -0.462147 -2.93004 
4.59949 1.21713 -0.155916 
1.91431 0.399017 -1.92044 
2.92739 1.4733 -4.15926 
-0.776784 -2.69619 -1.0025 
-1.75466 1.56244 -3.47881 
3.90019 1.01444 -3.83937 
-4.49196 -4.09397 -3.10525 
-1.66606 4.19013 5.08121 
0.97955 -4.12081 2.77476 
-3.46709 -3.48803 4.60226 
-3.425 -1.66793 3.01436 
-4.35832 -2.04507 -0.764866 
3.91336 2.0603 1.96022 
-4.52791 -1.22775 0.642715 
-2.49298 4.57521 2.00674 
-0.889424 0.450051 3.77544 
1.67644 -1.7555 1.77466 
1.23002 0.676681 3.17567 
3.37146 3.94611 -2.24187 
-0.311397 4.16687 2.11061 
3.59149 -3.64044 -2.45699 
4.10373 -1.71754 -0.339452 
-0.37934 -4.52327 -1.7754 
-3.82527 -0.0684098 2.06586 
0.379649 3.64501 -1.21785 
-3.62996 -5.23705 3.82344 
1.67159 -3.80964 4.43335 
-1.65756 2.88954 3.09891 
4.57432 0.0326084 0.827464 
4.29053 -1.90558 -2.85096 
-1.4778 1.95256 -0.292082 
5.03146 -4.61674 0.700972 
-5.37991 -2.46228 3.00135 
3.48897 -3.92511 1.8942 
2.89488 -3.83872 -1.28639 
3.33253 -2.48987 -2.18853 
-0.659409 2.60402 -0.141424 
3.12931 2.95466 -2.04942 
3.49795 1.85281 -3.63564 
-2.52542 0.308966 3.0938 
-2.86258 -2.55538 2.87157 
-2.4541 -2.49238 1.70482 
-1.33983 -1.82724 5.50357 
3.50708 1.66818 1.12789 
3.86088 3.48557 -2.9383 
2.58406 -4.05776 4.03829 
-1.73746 3.85663 1.40613 
2.14323 1.14909 -3.68622 
-2.16947 -2.28892 -1.43537 
1.07018 -5.16865 -0.344535 
2.96295 -2.94276 -4.83285 
-4.34623 4.15315 1.78643 
-4.15728 2.31801 3.10878 
-0.000815037 4.85201 -1.12069 
-2.77939 1.72574 -4.46482 
3.00174 -2.55585 0.344927 
-1.28665 3.46191 -2.11611 
4.44369 -3.81293 2.07672 
-1.76995 5.24522 -0.497248 
-0.773978 -2.14095 3.38893 
4.14897 -2.0144 -1.88385 
0.306303 -1.83849 -3.79658 
-3.90435 0.103085 3.98696 
2.0031 1.09505 -4.70524 
4.91291 1.15391 -3.62039 
1.67821 -0.965263 -2.97462 
4.50133 -0.534779 -0.96178 
0.282513 0.25829 -2.731 
0.229777 2.61127 0.34421 
0.035911 1.26469 -0.0114292 
3.07799 4.4407 2.7402 
-1.94616 -4.70261 4.22735 
-2.88511 1.86102 4.39488 
-1.05094 -1.74731 -2.70655 
-4.08503 1.91187 -1.07914 
-2.22921 1.27533 -2.61517 
-4.00439 3.0676 -2.03778 
0.938219 3.98605 -3.34767 
0.430964 -3.83108 -1.93748 
1.51925 -3.64589 3.50536 
4.02092 0.797577 -2.88014 
-4.81878 -2.17502 -2.49105 
1.08713 0.285614 -4.586 
2.76869 0.556363 4.50113 
4.49445 1.95716 1.3083 
-3.19908 3.6078 -2.37815 
1.52935 2.48727 3.47064 
2.34375 -1.53031 -3.98589 
-1.10356 0.182114 -3.38308 
4.74272 -0.786566 -3.01684 
4.9099 2.0923 4.22441 
-0.836931 -2.05637 2.3772 
4.64477 2.93865 1.57667 
-0.309072 1.82752 -4.73799 
2.29705 -1.1194 0.426634 
4.40768 5.13279 -0.88592 
-1.46785 3.04898 5.22215 
-2.50909 -0.520775 -2.16687 
5.08614 -0.662351 -4.6079 
-1.01327 0.18553 4.82242 
4.45948 -1.00952 3.94889 
4.82352 1.51732 -2.35525 
3.99745 -4.96908 3.62618 
2.39903 -4.31467 -3.60245 
1.62164 3.24055 -0.988574 
-2.70121 -0.433578 2.25148 
3.65467 -1.28879 1.59609 
-1.86523 4.00691 3.99963 
4.15862 -3.7084 0.970604 
-2.58407 -2.08654 -3.46779 
-1.87775 -4.01684 3.56173 
0.358635 1.76803 -0.966007 
2.26681 -0.0274424 -1.16617 
3.55682 -0.0549717 2.7056 
0.241505 -0.46695 -4.93244 
-0.614866 -3.28841 -0.0343456 
1.12142 -0.703982 -4.72821 
-1.17198 3.48363 0.17175 
-1.51005 -1.56198 -1.67002 
2.57141 1.81864 -0.606396 
1.16113 4.89699 -2.83901 
-1.14836 1.61131 1.52635 
-3.1282 -0.583508 -5.00241 
0.0751285 3.91011 4.64803 
2.53615 -2.87925 1.3809 
1.61627 -2.77497 4.24734 
2.79375 4.27725 0.949507 
-2.89767 -4.27142 4.00071 
-2.07046 -4.41673 -1.60331 
2.70911 -0.916844 -0.873566 
2.86333 2.75756 -1.0635 
-5.04993 -2.85345 1.94974 
1.81736 0.0866949 4.69857 
-1.10505 2.46543 2.23777 
2.26405 1.07231 3.32062 
0.457877 -0.678869 3.67339 
-0.322407 1.98389 4.36081 
-2.27857 -4.20237 1.50496 
-2.94022 0.0707281 -1.43249 
4.53556 3.94655 -3.81409 
-3.14208 0.422583 -2.37039 
5.54403 3.89193 -2.61198 
